{
 "cells": [
  {
   "cell_type": "code",
   "execution_count": 36,
   "metadata": {},
   "outputs": [
    {
     "data": {
      "text/plain": [
       "['.DS_Store',\n",
       " 'dataMining',\n",
       " 'maaz',\n",
       " 'face',\n",
       " 'Untitled.ipynb',\n",
       " 'mom-.csv',\n",
       " 'mom .xlsx',\n",
       " '.ipynb_checkpoints',\n",
       " 'hello',\n",
       " 'untitled']"
      ]
     },
     "execution_count": 36,
     "metadata": {},
     "output_type": "execute_result"
    }
   ],
   "source": [
    "import os\n",
    "a=os.listdir(\".\")\n",
    "a"
   ]
  },
  {
   "cell_type": "code",
   "execution_count": 37,
   "metadata": {},
   "outputs": [],
   "source": [
    "import pandas as pd"
   ]
  },
  {
   "cell_type": "code",
   "execution_count": 38,
   "metadata": {},
   "outputs": [],
   "source": [
    "a = pd.read_csv(\"mom-.csv\")"
   ]
  },
  {
   "cell_type": "code",
   "execution_count": 39,
   "metadata": {},
   "outputs": [
    {
     "data": {
      "text/html": [
       "<div>\n",
       "<style scoped>\n",
       "    .dataframe tbody tr th:only-of-type {\n",
       "        vertical-align: middle;\n",
       "    }\n",
       "\n",
       "    .dataframe tbody tr th {\n",
       "        vertical-align: top;\n",
       "    }\n",
       "\n",
       "    .dataframe thead th {\n",
       "        text-align: right;\n",
       "    }\n",
       "</style>\n",
       "<table border=\"1\" class=\"dataframe\">\n",
       "  <thead>\n",
       "    <tr style=\"text-align: right;\">\n",
       "      <th></th>\n",
       "      <th>force (KN)</th>\n",
       "      <th>change in length(mm)</th>\n",
       "      <th>stress(MPa)</th>\n",
       "      <th>strain</th>\n",
       "    </tr>\n",
       "  </thead>\n",
       "  <tbody>\n",
       "    <tr>\n",
       "      <th>0</th>\n",
       "      <td>0.0</td>\n",
       "      <td>0</td>\n",
       "      <td>0</td>\n",
       "      <td>0</td>\n",
       "    </tr>\n",
       "    <tr>\n",
       "      <th>1</th>\n",
       "      <td>7.6</td>\n",
       "      <td>0.02</td>\n",
       "      <td>76.051</td>\n",
       "      <td>0.0004</td>\n",
       "    </tr>\n",
       "    <tr>\n",
       "      <th>2</th>\n",
       "      <td>14.9</td>\n",
       "      <td>0.04</td>\n",
       "      <td>149.1</td>\n",
       "      <td>0.0008</td>\n",
       "    </tr>\n",
       "    <tr>\n",
       "      <th>3</th>\n",
       "      <td>22.2</td>\n",
       "      <td>0.06</td>\n",
       "      <td>222.149</td>\n",
       "      <td>0.0012</td>\n",
       "    </tr>\n",
       "    <tr>\n",
       "      <th>4</th>\n",
       "      <td>28.6</td>\n",
       "      <td>0.08</td>\n",
       "      <td>286.192</td>\n",
       "      <td>0.0016</td>\n",
       "    </tr>\n",
       "    <tr>\n",
       "      <th>5</th>\n",
       "      <td>29.9</td>\n",
       "      <td>0.1</td>\n",
       "      <td>299.201</td>\n",
       "      <td>0.002</td>\n",
       "    </tr>\n",
       "    <tr>\n",
       "      <th>6</th>\n",
       "      <td>30.6</td>\n",
       "      <td>0.12</td>\n",
       "      <td>306.206</td>\n",
       "      <td>0.0024</td>\n",
       "    </tr>\n",
       "    <tr>\n",
       "      <th>7</th>\n",
       "      <td>32.0</td>\n",
       "      <td>0.16</td>\n",
       "      <td>320.215</td>\n",
       "      <td>0.0032</td>\n",
       "    </tr>\n",
       "    <tr>\n",
       "      <th>8</th>\n",
       "      <td>33.0</td>\n",
       "      <td>0.2</td>\n",
       "      <td>330.222</td>\n",
       "      <td>0.004</td>\n",
       "    </tr>\n",
       "    <tr>\n",
       "      <th>9</th>\n",
       "      <td>33.3</td>\n",
       "      <td>0.24</td>\n",
       "      <td>333.224</td>\n",
       "      <td>0.0048</td>\n",
       "    </tr>\n",
       "    <tr>\n",
       "      <th>10</th>\n",
       "      <td>36.8</td>\n",
       "      <td>0.5</td>\n",
       "      <td>368.247</td>\n",
       "      <td>0.01</td>\n",
       "    </tr>\n",
       "    <tr>\n",
       "      <th>11</th>\n",
       "      <td>41.0</td>\n",
       "      <td>1</td>\n",
       "      <td>410.276</td>\n",
       "      <td>0.02</td>\n",
       "    </tr>\n",
       "    <tr>\n",
       "      <th>12</th>\n",
       "      <td>43.8</td>\n",
       "      <td>1.5</td>\n",
       "      <td>438.295</td>\n",
       "      <td>0.03</td>\n",
       "    </tr>\n",
       "    <tr>\n",
       "      <th>13</th>\n",
       "      <td>45.8</td>\n",
       "      <td>2</td>\n",
       "      <td>458.308</td>\n",
       "      <td>0.04</td>\n",
       "    </tr>\n",
       "    <tr>\n",
       "      <th>14</th>\n",
       "      <td>48.3</td>\n",
       "      <td>3</td>\n",
       "      <td>483.325</td>\n",
       "      <td>0.06</td>\n",
       "    </tr>\n",
       "    <tr>\n",
       "      <th>15</th>\n",
       "      <td>49.7</td>\n",
       "      <td>4</td>\n",
       "      <td>497.334</td>\n",
       "      <td>0.08</td>\n",
       "    </tr>\n",
       "    <tr>\n",
       "      <th>16</th>\n",
       "      <td>50.4</td>\n",
       "      <td>5</td>\n",
       "      <td>504.339</td>\n",
       "      <td>0.1</td>\n",
       "    </tr>\n",
       "    <tr>\n",
       "      <th>17</th>\n",
       "      <td>50.7</td>\n",
       "      <td>6</td>\n",
       "      <td>507.341</td>\n",
       "      <td>0.12</td>\n",
       "    </tr>\n",
       "    <tr>\n",
       "      <th>18</th>\n",
       "      <td>50.4</td>\n",
       "      <td>7</td>\n",
       "      <td>504.339</td>\n",
       "      <td>0.14</td>\n",
       "    </tr>\n",
       "    <tr>\n",
       "      <th>19</th>\n",
       "      <td>50.0</td>\n",
       "      <td>8</td>\n",
       "      <td>500.336</td>\n",
       "      <td>0.16</td>\n",
       "    </tr>\n",
       "    <tr>\n",
       "      <th>20</th>\n",
       "      <td>49.7</td>\n",
       "      <td>9</td>\n",
       "      <td>497.334</td>\n",
       "      <td>0.18</td>\n",
       "    </tr>\n",
       "    <tr>\n",
       "      <th>21</th>\n",
       "      <td>47.9</td>\n",
       "      <td>10</td>\n",
       "      <td>479.322</td>\n",
       "      <td>0.2</td>\n",
       "    </tr>\n",
       "    <tr>\n",
       "      <th>22</th>\n",
       "      <td>45.1</td>\n",
       "      <td>fracture</td>\n",
       "      <td>636.26(TRUE)    451.30(IDEAL)</td>\n",
       "      <td>fracture</td>\n",
       "    </tr>\n",
       "  </tbody>\n",
       "</table>\n",
       "</div>"
      ],
      "text/plain": [
       "    force (KN) change in length(mm)                    stress(MPa)    strain\n",
       "0          0.0                    0                              0         0\n",
       "1          7.6                 0.02                         76.051    0.0004\n",
       "2         14.9                 0.04                          149.1    0.0008\n",
       "3         22.2                 0.06                        222.149    0.0012\n",
       "4         28.6                 0.08                        286.192    0.0016\n",
       "5         29.9                  0.1                        299.201     0.002\n",
       "6         30.6                 0.12                        306.206    0.0024\n",
       "7         32.0                 0.16                        320.215    0.0032\n",
       "8         33.0                  0.2                        330.222     0.004\n",
       "9         33.3                 0.24                        333.224    0.0048\n",
       "10        36.8                  0.5                        368.247      0.01\n",
       "11        41.0                    1                        410.276      0.02\n",
       "12        43.8                  1.5                        438.295      0.03\n",
       "13        45.8                    2                        458.308      0.04\n",
       "14        48.3                    3                        483.325      0.06\n",
       "15        49.7                    4                        497.334      0.08\n",
       "16        50.4                    5                        504.339       0.1\n",
       "17        50.7                    6                        507.341      0.12\n",
       "18        50.4                    7                        504.339      0.14\n",
       "19        50.0                    8                        500.336      0.16\n",
       "20        49.7                    9                        497.334      0.18\n",
       "21        47.9                   10                        479.322       0.2\n",
       "22        45.1             fracture  636.26(TRUE)    451.30(IDEAL)  fracture"
      ]
     },
     "execution_count": 39,
     "metadata": {},
     "output_type": "execute_result"
    }
   ],
   "source": [
    "a"
   ]
  },
  {
   "cell_type": "code",
   "execution_count": 40,
   "metadata": {},
   "outputs": [],
   "source": [
    "a = pd.read_csv(\"mom-.csv\",index_col = [\"force (KN)\",\"stress(MPa)\"])"
   ]
  },
  {
   "cell_type": "code",
   "execution_count": 41,
   "metadata": {},
   "outputs": [
    {
     "data": {
      "text/html": [
       "<div>\n",
       "<style scoped>\n",
       "    .dataframe tbody tr th:only-of-type {\n",
       "        vertical-align: middle;\n",
       "    }\n",
       "\n",
       "    .dataframe tbody tr th {\n",
       "        vertical-align: top;\n",
       "    }\n",
       "\n",
       "    .dataframe thead th {\n",
       "        text-align: right;\n",
       "    }\n",
       "</style>\n",
       "<table border=\"1\" class=\"dataframe\">\n",
       "  <thead>\n",
       "    <tr style=\"text-align: right;\">\n",
       "      <th></th>\n",
       "      <th></th>\n",
       "      <th>change in length(mm)</th>\n",
       "      <th>strain</th>\n",
       "    </tr>\n",
       "    <tr>\n",
       "      <th>force (KN)</th>\n",
       "      <th>stress(MPa)</th>\n",
       "      <th></th>\n",
       "      <th></th>\n",
       "    </tr>\n",
       "  </thead>\n",
       "  <tbody>\n",
       "    <tr>\n",
       "      <th>0.0</th>\n",
       "      <th>0</th>\n",
       "      <td>0</td>\n",
       "      <td>0</td>\n",
       "    </tr>\n",
       "    <tr>\n",
       "      <th>7.6</th>\n",
       "      <th>76.051</th>\n",
       "      <td>0.02</td>\n",
       "      <td>0.0004</td>\n",
       "    </tr>\n",
       "    <tr>\n",
       "      <th>14.9</th>\n",
       "      <th>149.1</th>\n",
       "      <td>0.04</td>\n",
       "      <td>0.0008</td>\n",
       "    </tr>\n",
       "    <tr>\n",
       "      <th>22.2</th>\n",
       "      <th>222.149</th>\n",
       "      <td>0.06</td>\n",
       "      <td>0.0012</td>\n",
       "    </tr>\n",
       "    <tr>\n",
       "      <th>28.6</th>\n",
       "      <th>286.192</th>\n",
       "      <td>0.08</td>\n",
       "      <td>0.0016</td>\n",
       "    </tr>\n",
       "    <tr>\n",
       "      <th>29.9</th>\n",
       "      <th>299.201</th>\n",
       "      <td>0.1</td>\n",
       "      <td>0.002</td>\n",
       "    </tr>\n",
       "    <tr>\n",
       "      <th>30.6</th>\n",
       "      <th>306.206</th>\n",
       "      <td>0.12</td>\n",
       "      <td>0.0024</td>\n",
       "    </tr>\n",
       "    <tr>\n",
       "      <th>32.0</th>\n",
       "      <th>320.215</th>\n",
       "      <td>0.16</td>\n",
       "      <td>0.0032</td>\n",
       "    </tr>\n",
       "    <tr>\n",
       "      <th>33.0</th>\n",
       "      <th>330.222</th>\n",
       "      <td>0.2</td>\n",
       "      <td>0.004</td>\n",
       "    </tr>\n",
       "    <tr>\n",
       "      <th>33.3</th>\n",
       "      <th>333.224</th>\n",
       "      <td>0.24</td>\n",
       "      <td>0.0048</td>\n",
       "    </tr>\n",
       "    <tr>\n",
       "      <th>36.8</th>\n",
       "      <th>368.247</th>\n",
       "      <td>0.5</td>\n",
       "      <td>0.01</td>\n",
       "    </tr>\n",
       "    <tr>\n",
       "      <th>41.0</th>\n",
       "      <th>410.276</th>\n",
       "      <td>1</td>\n",
       "      <td>0.02</td>\n",
       "    </tr>\n",
       "    <tr>\n",
       "      <th>43.8</th>\n",
       "      <th>438.295</th>\n",
       "      <td>1.5</td>\n",
       "      <td>0.03</td>\n",
       "    </tr>\n",
       "    <tr>\n",
       "      <th>45.8</th>\n",
       "      <th>458.308</th>\n",
       "      <td>2</td>\n",
       "      <td>0.04</td>\n",
       "    </tr>\n",
       "    <tr>\n",
       "      <th>48.3</th>\n",
       "      <th>483.325</th>\n",
       "      <td>3</td>\n",
       "      <td>0.06</td>\n",
       "    </tr>\n",
       "    <tr>\n",
       "      <th>49.7</th>\n",
       "      <th>497.334</th>\n",
       "      <td>4</td>\n",
       "      <td>0.08</td>\n",
       "    </tr>\n",
       "    <tr>\n",
       "      <th>50.4</th>\n",
       "      <th>504.339</th>\n",
       "      <td>5</td>\n",
       "      <td>0.1</td>\n",
       "    </tr>\n",
       "    <tr>\n",
       "      <th>50.7</th>\n",
       "      <th>507.341</th>\n",
       "      <td>6</td>\n",
       "      <td>0.12</td>\n",
       "    </tr>\n",
       "    <tr>\n",
       "      <th>50.4</th>\n",
       "      <th>504.339</th>\n",
       "      <td>7</td>\n",
       "      <td>0.14</td>\n",
       "    </tr>\n",
       "    <tr>\n",
       "      <th>50.0</th>\n",
       "      <th>500.336</th>\n",
       "      <td>8</td>\n",
       "      <td>0.16</td>\n",
       "    </tr>\n",
       "    <tr>\n",
       "      <th>49.7</th>\n",
       "      <th>497.334</th>\n",
       "      <td>9</td>\n",
       "      <td>0.18</td>\n",
       "    </tr>\n",
       "    <tr>\n",
       "      <th>47.9</th>\n",
       "      <th>479.322</th>\n",
       "      <td>10</td>\n",
       "      <td>0.2</td>\n",
       "    </tr>\n",
       "    <tr>\n",
       "      <th>45.1</th>\n",
       "      <th>636.26(TRUE)    451.30(IDEAL)</th>\n",
       "      <td>fracture</td>\n",
       "      <td>fracture</td>\n",
       "    </tr>\n",
       "  </tbody>\n",
       "</table>\n",
       "</div>"
      ],
      "text/plain": [
       "                                         change in length(mm)    strain\n",
       "force (KN) stress(MPa)                                                 \n",
       "0.0        0                                                0         0\n",
       "7.6        76.051                                        0.02    0.0004\n",
       "14.9       149.1                                         0.04    0.0008\n",
       "22.2       222.149                                       0.06    0.0012\n",
       "28.6       286.192                                       0.08    0.0016\n",
       "29.9       299.201                                        0.1     0.002\n",
       "30.6       306.206                                       0.12    0.0024\n",
       "32.0       320.215                                       0.16    0.0032\n",
       "33.0       330.222                                        0.2     0.004\n",
       "33.3       333.224                                       0.24    0.0048\n",
       "36.8       368.247                                        0.5      0.01\n",
       "41.0       410.276                                          1      0.02\n",
       "43.8       438.295                                        1.5      0.03\n",
       "45.8       458.308                                          2      0.04\n",
       "48.3       483.325                                          3      0.06\n",
       "49.7       497.334                                          4      0.08\n",
       "50.4       504.339                                          5       0.1\n",
       "50.7       507.341                                          6      0.12\n",
       "50.4       504.339                                          7      0.14\n",
       "50.0       500.336                                          8      0.16\n",
       "49.7       497.334                                          9      0.18\n",
       "47.9       479.322                                         10       0.2\n",
       "45.1       636.26(TRUE)    451.30(IDEAL)             fracture  fracture"
      ]
     },
     "execution_count": 41,
     "metadata": {},
     "output_type": "execute_result"
    }
   ],
   "source": [
    "a"
   ]
  },
  {
   "cell_type": "code",
   "execution_count": 44,
   "metadata": {},
   "outputs": [],
   "source": [
    "import numpy as np\n",
    "a = pd.read_csv(\"mom-.csv\",na_values= [0]) # where there is zero then it will put Nan"
   ]
  },
  {
   "cell_type": "code",
   "execution_count": 45,
   "metadata": {},
   "outputs": [
    {
     "data": {
      "text/html": [
       "<div>\n",
       "<style scoped>\n",
       "    .dataframe tbody tr th:only-of-type {\n",
       "        vertical-align: middle;\n",
       "    }\n",
       "\n",
       "    .dataframe tbody tr th {\n",
       "        vertical-align: top;\n",
       "    }\n",
       "\n",
       "    .dataframe thead th {\n",
       "        text-align: right;\n",
       "    }\n",
       "</style>\n",
       "<table border=\"1\" class=\"dataframe\">\n",
       "  <thead>\n",
       "    <tr style=\"text-align: right;\">\n",
       "      <th></th>\n",
       "      <th>force (KN)</th>\n",
       "      <th>change in length(mm)</th>\n",
       "      <th>stress(MPa)</th>\n",
       "      <th>strain</th>\n",
       "    </tr>\n",
       "  </thead>\n",
       "  <tbody>\n",
       "    <tr>\n",
       "      <th>0</th>\n",
       "      <td>NaN</td>\n",
       "      <td>NaN</td>\n",
       "      <td>NaN</td>\n",
       "      <td>NaN</td>\n",
       "    </tr>\n",
       "    <tr>\n",
       "      <th>1</th>\n",
       "      <td>7.6</td>\n",
       "      <td>0.02</td>\n",
       "      <td>76.051</td>\n",
       "      <td>0.0004</td>\n",
       "    </tr>\n",
       "    <tr>\n",
       "      <th>2</th>\n",
       "      <td>14.9</td>\n",
       "      <td>0.04</td>\n",
       "      <td>149.1</td>\n",
       "      <td>0.0008</td>\n",
       "    </tr>\n",
       "    <tr>\n",
       "      <th>3</th>\n",
       "      <td>22.2</td>\n",
       "      <td>0.06</td>\n",
       "      <td>222.149</td>\n",
       "      <td>0.0012</td>\n",
       "    </tr>\n",
       "    <tr>\n",
       "      <th>4</th>\n",
       "      <td>28.6</td>\n",
       "      <td>0.08</td>\n",
       "      <td>286.192</td>\n",
       "      <td>0.0016</td>\n",
       "    </tr>\n",
       "    <tr>\n",
       "      <th>5</th>\n",
       "      <td>29.9</td>\n",
       "      <td>0.1</td>\n",
       "      <td>299.201</td>\n",
       "      <td>0.002</td>\n",
       "    </tr>\n",
       "    <tr>\n",
       "      <th>6</th>\n",
       "      <td>30.6</td>\n",
       "      <td>0.12</td>\n",
       "      <td>306.206</td>\n",
       "      <td>0.0024</td>\n",
       "    </tr>\n",
       "    <tr>\n",
       "      <th>7</th>\n",
       "      <td>32.0</td>\n",
       "      <td>0.16</td>\n",
       "      <td>320.215</td>\n",
       "      <td>0.0032</td>\n",
       "    </tr>\n",
       "    <tr>\n",
       "      <th>8</th>\n",
       "      <td>33.0</td>\n",
       "      <td>0.2</td>\n",
       "      <td>330.222</td>\n",
       "      <td>0.004</td>\n",
       "    </tr>\n",
       "    <tr>\n",
       "      <th>9</th>\n",
       "      <td>33.3</td>\n",
       "      <td>0.24</td>\n",
       "      <td>333.224</td>\n",
       "      <td>0.0048</td>\n",
       "    </tr>\n",
       "    <tr>\n",
       "      <th>10</th>\n",
       "      <td>36.8</td>\n",
       "      <td>0.5</td>\n",
       "      <td>368.247</td>\n",
       "      <td>0.01</td>\n",
       "    </tr>\n",
       "    <tr>\n",
       "      <th>11</th>\n",
       "      <td>41.0</td>\n",
       "      <td>1</td>\n",
       "      <td>410.276</td>\n",
       "      <td>0.02</td>\n",
       "    </tr>\n",
       "    <tr>\n",
       "      <th>12</th>\n",
       "      <td>43.8</td>\n",
       "      <td>1.5</td>\n",
       "      <td>438.295</td>\n",
       "      <td>0.03</td>\n",
       "    </tr>\n",
       "    <tr>\n",
       "      <th>13</th>\n",
       "      <td>45.8</td>\n",
       "      <td>2</td>\n",
       "      <td>458.308</td>\n",
       "      <td>0.04</td>\n",
       "    </tr>\n",
       "    <tr>\n",
       "      <th>14</th>\n",
       "      <td>48.3</td>\n",
       "      <td>3</td>\n",
       "      <td>483.325</td>\n",
       "      <td>0.06</td>\n",
       "    </tr>\n",
       "    <tr>\n",
       "      <th>15</th>\n",
       "      <td>49.7</td>\n",
       "      <td>4</td>\n",
       "      <td>497.334</td>\n",
       "      <td>0.08</td>\n",
       "    </tr>\n",
       "    <tr>\n",
       "      <th>16</th>\n",
       "      <td>50.4</td>\n",
       "      <td>5</td>\n",
       "      <td>504.339</td>\n",
       "      <td>0.1</td>\n",
       "    </tr>\n",
       "    <tr>\n",
       "      <th>17</th>\n",
       "      <td>50.7</td>\n",
       "      <td>6</td>\n",
       "      <td>507.341</td>\n",
       "      <td>0.12</td>\n",
       "    </tr>\n",
       "    <tr>\n",
       "      <th>18</th>\n",
       "      <td>50.4</td>\n",
       "      <td>7</td>\n",
       "      <td>504.339</td>\n",
       "      <td>0.14</td>\n",
       "    </tr>\n",
       "    <tr>\n",
       "      <th>19</th>\n",
       "      <td>50.0</td>\n",
       "      <td>8</td>\n",
       "      <td>500.336</td>\n",
       "      <td>0.16</td>\n",
       "    </tr>\n",
       "    <tr>\n",
       "      <th>20</th>\n",
       "      <td>49.7</td>\n",
       "      <td>9</td>\n",
       "      <td>497.334</td>\n",
       "      <td>0.18</td>\n",
       "    </tr>\n",
       "    <tr>\n",
       "      <th>21</th>\n",
       "      <td>47.9</td>\n",
       "      <td>10</td>\n",
       "      <td>479.322</td>\n",
       "      <td>0.2</td>\n",
       "    </tr>\n",
       "    <tr>\n",
       "      <th>22</th>\n",
       "      <td>45.1</td>\n",
       "      <td>fracture</td>\n",
       "      <td>636.26(TRUE)    451.30(IDEAL)</td>\n",
       "      <td>fracture</td>\n",
       "    </tr>\n",
       "  </tbody>\n",
       "</table>\n",
       "</div>"
      ],
      "text/plain": [
       "    force (KN) change in length(mm)                    stress(MPa)    strain\n",
       "0          NaN                  NaN                            NaN       NaN\n",
       "1          7.6                 0.02                         76.051    0.0004\n",
       "2         14.9                 0.04                          149.1    0.0008\n",
       "3         22.2                 0.06                        222.149    0.0012\n",
       "4         28.6                 0.08                        286.192    0.0016\n",
       "5         29.9                  0.1                        299.201     0.002\n",
       "6         30.6                 0.12                        306.206    0.0024\n",
       "7         32.0                 0.16                        320.215    0.0032\n",
       "8         33.0                  0.2                        330.222     0.004\n",
       "9         33.3                 0.24                        333.224    0.0048\n",
       "10        36.8                  0.5                        368.247      0.01\n",
       "11        41.0                    1                        410.276      0.02\n",
       "12        43.8                  1.5                        438.295      0.03\n",
       "13        45.8                    2                        458.308      0.04\n",
       "14        48.3                    3                        483.325      0.06\n",
       "15        49.7                    4                        497.334      0.08\n",
       "16        50.4                    5                        504.339       0.1\n",
       "17        50.7                    6                        507.341      0.12\n",
       "18        50.4                    7                        504.339      0.14\n",
       "19        50.0                    8                        500.336      0.16\n",
       "20        49.7                    9                        497.334      0.18\n",
       "21        47.9                   10                        479.322       0.2\n",
       "22        45.1             fracture  636.26(TRUE)    451.30(IDEAL)  fracture"
      ]
     },
     "execution_count": 45,
     "metadata": {},
     "output_type": "execute_result"
    }
   ],
   "source": [
    "a"
   ]
  },
  {
   "cell_type": "code",
   "execution_count": 46,
   "metadata": {},
   "outputs": [
    {
     "data": {
      "text/html": [
       "<div>\n",
       "<style scoped>\n",
       "    .dataframe tbody tr th:only-of-type {\n",
       "        vertical-align: middle;\n",
       "    }\n",
       "\n",
       "    .dataframe tbody tr th {\n",
       "        vertical-align: top;\n",
       "    }\n",
       "\n",
       "    .dataframe thead th {\n",
       "        text-align: right;\n",
       "    }\n",
       "</style>\n",
       "<table border=\"1\" class=\"dataframe\">\n",
       "  <thead>\n",
       "    <tr style=\"text-align: right;\">\n",
       "      <th></th>\n",
       "      <th>force (KN)</th>\n",
       "      <th>change in length(mm)</th>\n",
       "      <th>stress(MPa)</th>\n",
       "      <th>strain</th>\n",
       "    </tr>\n",
       "  </thead>\n",
       "  <tbody>\n",
       "    <tr>\n",
       "      <th>0</th>\n",
       "      <td>0.0</td>\n",
       "      <td>0.00</td>\n",
       "      <td>0.000</td>\n",
       "      <td>0.0000</td>\n",
       "    </tr>\n",
       "    <tr>\n",
       "      <th>1</th>\n",
       "      <td>7.6</td>\n",
       "      <td>0.02</td>\n",
       "      <td>76.051</td>\n",
       "      <td>0.0004</td>\n",
       "    </tr>\n",
       "    <tr>\n",
       "      <th>2</th>\n",
       "      <td>14.9</td>\n",
       "      <td>0.04</td>\n",
       "      <td>149.100</td>\n",
       "      <td>0.0008</td>\n",
       "    </tr>\n",
       "    <tr>\n",
       "      <th>3</th>\n",
       "      <td>22.2</td>\n",
       "      <td>0.06</td>\n",
       "      <td>222.149</td>\n",
       "      <td>0.0012</td>\n",
       "    </tr>\n",
       "    <tr>\n",
       "      <th>4</th>\n",
       "      <td>28.6</td>\n",
       "      <td>0.08</td>\n",
       "      <td>286.192</td>\n",
       "      <td>0.0016</td>\n",
       "    </tr>\n",
       "    <tr>\n",
       "      <th>5</th>\n",
       "      <td>29.9</td>\n",
       "      <td>0.10</td>\n",
       "      <td>299.201</td>\n",
       "      <td>0.0020</td>\n",
       "    </tr>\n",
       "    <tr>\n",
       "      <th>6</th>\n",
       "      <td>30.6</td>\n",
       "      <td>0.12</td>\n",
       "      <td>306.206</td>\n",
       "      <td>0.0024</td>\n",
       "    </tr>\n",
       "    <tr>\n",
       "      <th>7</th>\n",
       "      <td>32.0</td>\n",
       "      <td>0.16</td>\n",
       "      <td>320.215</td>\n",
       "      <td>0.0032</td>\n",
       "    </tr>\n",
       "    <tr>\n",
       "      <th>8</th>\n",
       "      <td>33.0</td>\n",
       "      <td>0.20</td>\n",
       "      <td>330.222</td>\n",
       "      <td>0.0040</td>\n",
       "    </tr>\n",
       "    <tr>\n",
       "      <th>9</th>\n",
       "      <td>33.3</td>\n",
       "      <td>0.24</td>\n",
       "      <td>333.224</td>\n",
       "      <td>0.0048</td>\n",
       "    </tr>\n",
       "    <tr>\n",
       "      <th>10</th>\n",
       "      <td>36.8</td>\n",
       "      <td>0.50</td>\n",
       "      <td>368.247</td>\n",
       "      <td>0.0100</td>\n",
       "    </tr>\n",
       "    <tr>\n",
       "      <th>11</th>\n",
       "      <td>41.0</td>\n",
       "      <td>1.00</td>\n",
       "      <td>410.276</td>\n",
       "      <td>0.0200</td>\n",
       "    </tr>\n",
       "    <tr>\n",
       "      <th>12</th>\n",
       "      <td>43.8</td>\n",
       "      <td>1.50</td>\n",
       "      <td>438.295</td>\n",
       "      <td>0.0300</td>\n",
       "    </tr>\n",
       "    <tr>\n",
       "      <th>13</th>\n",
       "      <td>45.8</td>\n",
       "      <td>2.00</td>\n",
       "      <td>458.308</td>\n",
       "      <td>0.0400</td>\n",
       "    </tr>\n",
       "    <tr>\n",
       "      <th>14</th>\n",
       "      <td>48.3</td>\n",
       "      <td>3.00</td>\n",
       "      <td>483.325</td>\n",
       "      <td>0.0600</td>\n",
       "    </tr>\n",
       "    <tr>\n",
       "      <th>15</th>\n",
       "      <td>49.7</td>\n",
       "      <td>4.00</td>\n",
       "      <td>497.334</td>\n",
       "      <td>0.0800</td>\n",
       "    </tr>\n",
       "    <tr>\n",
       "      <th>16</th>\n",
       "      <td>50.4</td>\n",
       "      <td>5.00</td>\n",
       "      <td>504.339</td>\n",
       "      <td>0.1000</td>\n",
       "    </tr>\n",
       "    <tr>\n",
       "      <th>17</th>\n",
       "      <td>50.7</td>\n",
       "      <td>6.00</td>\n",
       "      <td>507.341</td>\n",
       "      <td>0.1200</td>\n",
       "    </tr>\n",
       "    <tr>\n",
       "      <th>18</th>\n",
       "      <td>50.4</td>\n",
       "      <td>7.00</td>\n",
       "      <td>504.339</td>\n",
       "      <td>0.1400</td>\n",
       "    </tr>\n",
       "    <tr>\n",
       "      <th>19</th>\n",
       "      <td>50.0</td>\n",
       "      <td>8.00</td>\n",
       "      <td>500.336</td>\n",
       "      <td>0.1600</td>\n",
       "    </tr>\n",
       "    <tr>\n",
       "      <th>20</th>\n",
       "      <td>49.7</td>\n",
       "      <td>9.00</td>\n",
       "      <td>497.334</td>\n",
       "      <td>0.1800</td>\n",
       "    </tr>\n",
       "    <tr>\n",
       "      <th>21</th>\n",
       "      <td>47.9</td>\n",
       "      <td>10.00</td>\n",
       "      <td>479.322</td>\n",
       "      <td>0.2000</td>\n",
       "    </tr>\n",
       "  </tbody>\n",
       "</table>\n",
       "</div>"
      ],
      "text/plain": [
       "    force (KN)  change in length(mm)  stress(MPa)  strain\n",
       "0          0.0                  0.00        0.000  0.0000\n",
       "1          7.6                  0.02       76.051  0.0004\n",
       "2         14.9                  0.04      149.100  0.0008\n",
       "3         22.2                  0.06      222.149  0.0012\n",
       "4         28.6                  0.08      286.192  0.0016\n",
       "5         29.9                  0.10      299.201  0.0020\n",
       "6         30.6                  0.12      306.206  0.0024\n",
       "7         32.0                  0.16      320.215  0.0032\n",
       "8         33.0                  0.20      330.222  0.0040\n",
       "9         33.3                  0.24      333.224  0.0048\n",
       "10        36.8                  0.50      368.247  0.0100\n",
       "11        41.0                  1.00      410.276  0.0200\n",
       "12        43.8                  1.50      438.295  0.0300\n",
       "13        45.8                  2.00      458.308  0.0400\n",
       "14        48.3                  3.00      483.325  0.0600\n",
       "15        49.7                  4.00      497.334  0.0800\n",
       "16        50.4                  5.00      504.339  0.1000\n",
       "17        50.7                  6.00      507.341  0.1200\n",
       "18        50.4                  7.00      504.339  0.1400\n",
       "19        50.0                  8.00      500.336  0.1600\n",
       "20        49.7                  9.00      497.334  0.1800\n",
       "21        47.9                 10.00      479.322  0.2000"
      ]
     },
     "execution_count": 46,
     "metadata": {},
     "output_type": "execute_result"
    }
   ],
   "source": [
    "a = pd.read_csv(\"mom-.csv\",nrows=22)\n",
    "a"
   ]
  },
  {
   "cell_type": "code",
   "execution_count": 49,
   "metadata": {},
   "outputs": [],
   "source": [
    "chunkread= pd.read_csv(\"mom-.csv\",chunksize=7)"
   ]
  },
  {
   "cell_type": "code",
   "execution_count": 50,
   "metadata": {},
   "outputs": [
    {
     "data": {
      "text/plain": [
       "<pandas.io.parsers.TextFileReader at 0x11ad64588>"
      ]
     },
     "execution_count": 50,
     "metadata": {},
     "output_type": "execute_result"
    }
   ],
   "source": [
    "chunkread"
   ]
  },
  {
   "cell_type": "code",
   "execution_count": 51,
   "metadata": {},
   "outputs": [
    {
     "name": "stdout",
     "output_type": "stream",
     "text": [
      "   force (KN)  change in length(mm)  stress(MPa)  strain\n",
      "0         0.0                  0.00        0.000  0.0000\n",
      "1         7.6                  0.02       76.051  0.0004\n",
      "2        14.9                  0.04      149.100  0.0008\n",
      "3        22.2                  0.06      222.149  0.0012\n",
      "4        28.6                  0.08      286.192  0.0016\n",
      "5        29.9                  0.10      299.201  0.0020\n",
      "6        30.6                  0.12      306.206  0.0024\n",
      "    force (KN)  change in length(mm)  stress(MPa)  strain\n",
      "7         32.0                  0.16      320.215  0.0032\n",
      "8         33.0                  0.20      330.222  0.0040\n",
      "9         33.3                  0.24      333.224  0.0048\n",
      "10        36.8                  0.50      368.247  0.0100\n",
      "11        41.0                  1.00      410.276  0.0200\n",
      "12        43.8                  1.50      438.295  0.0300\n",
      "13        45.8                  2.00      458.308  0.0400\n",
      "    force (KN)  change in length(mm)  stress(MPa)  strain\n",
      "14        48.3                     3      483.325    0.06\n",
      "15        49.7                     4      497.334    0.08\n",
      "16        50.4                     5      504.339    0.10\n",
      "17        50.7                     6      507.341    0.12\n",
      "18        50.4                     7      504.339    0.14\n",
      "19        50.0                     8      500.336    0.16\n",
      "20        49.7                     9      497.334    0.18\n",
      "    force (KN) change in length(mm)                    stress(MPa)    strain\n",
      "21        47.9                   10                        479.322       0.2\n",
      "22        45.1             fracture  636.26(TRUE)    451.30(IDEAL)  fracture\n"
     ]
    }
   ],
   "source": [
    "for i in chunkread:\n",
    "    print(i)"
   ]
  },
  {
   "cell_type": "code",
   "execution_count": 53,
   "metadata": {},
   "outputs": [
    {
     "data": {
      "text/plain": [
       "<_csv.reader at 0x119111898>"
      ]
     },
     "execution_count": 53,
     "metadata": {},
     "output_type": "execute_result"
    }
   ],
   "source": [
    "import csv\n",
    "f=open('mom-.csv')\n",
    "reader = csv.reader(f)\n",
    "reader\n"
   ]
  },
  {
   "cell_type": "code",
   "execution_count": 54,
   "metadata": {},
   "outputs": [
    {
     "name": "stdout",
     "output_type": "stream",
     "text": [
      "['force (KN)', 'change in length(mm)', 'stress(MPa)', 'strain']\n",
      "['0', '0', '0', '0']\n",
      "['7.6', '0.02', '76.051', '0.0004']\n",
      "['14.9', '0.04', '149.1', '0.0008']\n",
      "['22.2', '0.06', '222.149', '0.0012']\n",
      "['28.6', '0.08', '286.192', '0.0016']\n",
      "['29.9', '0.1', '299.201', '0.002']\n",
      "['30.6', '0.12', '306.206', '0.0024']\n",
      "['32', '0.16', '320.215', '0.0032']\n",
      "['33', '0.2', '330.222', '0.004']\n",
      "['33.3', '0.24', '333.224', '0.0048']\n",
      "['36.8', '0.5', '368.247', '0.01']\n",
      "['41', '1', '410.276', '0.02']\n",
      "['43.8', '1.5', '438.295', '0.03']\n",
      "['45.8', '2', '458.308', '0.04']\n",
      "['48.3', '3', '483.325', '0.06']\n",
      "['49.7', '4', '497.334', '0.08']\n",
      "['50.4', '5', '504.339', '0.1']\n",
      "['50.7', '6', '507.341', '0.12']\n",
      "['50.4', '7', '504.339', '0.14']\n",
      "['50', '8', '500.336', '0.16']\n",
      "['49.7', '9', '497.334', '0.18']\n",
      "['47.9', '10', '479.322', '0.2']\n",
      "['45.1', 'fracture', '636.26(TRUE)    451.30(IDEAL)', 'fracture']\n"
     ]
    }
   ],
   "source": [
    "for i in reader:\n",
    "    print(i)"
   ]
  },
  {
   "cell_type": "code",
   "execution_count": 56,
   "metadata": {},
   "outputs": [
    {
     "data": {
      "text/plain": [
       "[['force (KN)', 'change in length(mm)', 'stress(MPa)', 'strain'],\n",
       " ['0', '0', '0', '0'],\n",
       " ['7.6', '0.02', '76.051', '0.0004'],\n",
       " ['14.9', '0.04', '149.1', '0.0008'],\n",
       " ['22.2', '0.06', '222.149', '0.0012'],\n",
       " ['28.6', '0.08', '286.192', '0.0016'],\n",
       " ['29.9', '0.1', '299.201', '0.002'],\n",
       " ['30.6', '0.12', '306.206', '0.0024'],\n",
       " ['32', '0.16', '320.215', '0.0032'],\n",
       " ['33', '0.2', '330.222', '0.004'],\n",
       " ['33.3', '0.24', '333.224', '0.0048'],\n",
       " ['36.8', '0.5', '368.247', '0.01'],\n",
       " ['41', '1', '410.276', '0.02'],\n",
       " ['43.8', '1.5', '438.295', '0.03'],\n",
       " ['45.8', '2', '458.308', '0.04'],\n",
       " ['48.3', '3', '483.325', '0.06'],\n",
       " ['49.7', '4', '497.334', '0.08'],\n",
       " ['50.4', '5', '504.339', '0.1'],\n",
       " ['50.7', '6', '507.341', '0.12'],\n",
       " ['50.4', '7', '504.339', '0.14'],\n",
       " ['50', '8', '500.336', '0.16'],\n",
       " ['49.7', '9', '497.334', '0.18'],\n",
       " ['47.9', '10', '479.322', '0.2'],\n",
       " ['45.1', 'fracture', '636.26(TRUE)    451.30(IDEAL)', 'fracture']]"
      ]
     },
     "execution_count": 56,
     "metadata": {},
     "output_type": "execute_result"
    }
   ],
   "source": [
    "import csv\n",
    "f=open('mom-.csv')\n",
    "reader = csv.reader(f)\n",
    "reader=list(reader)\n",
    "reader\n"
   ]
  },
  {
   "cell_type": "code",
   "execution_count": 58,
   "metadata": {},
   "outputs": [],
   "source": [
    "header,values = reader[0],reader[1:]\n",
    "data_dict = {h:v for h ,v in zip(header,zip(*values))}"
   ]
  },
  {
   "cell_type": "code",
   "execution_count": 59,
   "metadata": {},
   "outputs": [
    {
     "data": {
      "text/plain": [
       "{'force (KN)': ('0',\n",
       "  '7.6',\n",
       "  '14.9',\n",
       "  '22.2',\n",
       "  '28.6',\n",
       "  '29.9',\n",
       "  '30.6',\n",
       "  '32',\n",
       "  '33',\n",
       "  '33.3',\n",
       "  '36.8',\n",
       "  '41',\n",
       "  '43.8',\n",
       "  '45.8',\n",
       "  '48.3',\n",
       "  '49.7',\n",
       "  '50.4',\n",
       "  '50.7',\n",
       "  '50.4',\n",
       "  '50',\n",
       "  '49.7',\n",
       "  '47.9',\n",
       "  '45.1'),\n",
       " 'change in length(mm)': ('0',\n",
       "  '0.02',\n",
       "  '0.04',\n",
       "  '0.06',\n",
       "  '0.08',\n",
       "  '0.1',\n",
       "  '0.12',\n",
       "  '0.16',\n",
       "  '0.2',\n",
       "  '0.24',\n",
       "  '0.5',\n",
       "  '1',\n",
       "  '1.5',\n",
       "  '2',\n",
       "  '3',\n",
       "  '4',\n",
       "  '5',\n",
       "  '6',\n",
       "  '7',\n",
       "  '8',\n",
       "  '9',\n",
       "  '10',\n",
       "  'fracture'),\n",
       " 'stress(MPa)': ('0',\n",
       "  '76.051',\n",
       "  '149.1',\n",
       "  '222.149',\n",
       "  '286.192',\n",
       "  '299.201',\n",
       "  '306.206',\n",
       "  '320.215',\n",
       "  '330.222',\n",
       "  '333.224',\n",
       "  '368.247',\n",
       "  '410.276',\n",
       "  '438.295',\n",
       "  '458.308',\n",
       "  '483.325',\n",
       "  '497.334',\n",
       "  '504.339',\n",
       "  '507.341',\n",
       "  '504.339',\n",
       "  '500.336',\n",
       "  '497.334',\n",
       "  '479.322',\n",
       "  '636.26(TRUE)    451.30(IDEAL)'),\n",
